0.000000000000000000e+00 4.463559553761987098e-01 4.463559553761987098e-01
2.000000000000000111e-01 6.965686983490639861e-01 2.345458991677506488e-01
4.000000000000000222e-01 9.947005548016263354e-01 8.245752901488462294e-02
6.000000000000000888e-01 1.682626308484365119e+00 3.434666994140644358e-01
8.000000000000000444e-01 1.865706179863402703e+00 1.338393999124657396e-01
1.000000000000000000e+00 2.145288113860983614e+00 6.495545025236754144e-02
1.200000000000000178e+00 2.634388336435175226e+00 2.587327883622803082e-01
1.400000000000000133e+00 2.909685990068101358e+00 2.993947077562366110e-01
1.600000000000000089e+00 3.235487673750718329e+00 4.572416789119657654e-01
1.800000000000000044e+00 3.181176879468608387e+00 3.059476697127180844e-01
2.000000000000000000e+00 2.950807700142563217e+00 5.204425132219847594e-02
2.200000000000000178e+00 2.997405310084678032e+00 1.491577903855846876e-01
2.400000000000000355e+00 3.141587364597517862e+00 4.166154909100757697e-01
2.600000000000000089e+00 2.910836970276746705e+00 3.787513297049487360e-01
2.800000000000000266e+00 2.539104560769279040e+00 2.645883780244618899e-01
3.000000000000000000e+00 2.151412701753063317e+00 1.925694781547266921e-01
3.200000000000000178e+00 1.774143042979219764e+00 1.810122773405534735e-01
3.400000000000000355e+00 1.435468963583927726e+00 2.487478715350787684e-01
3.600000000000000089e+00 9.883356004475406520e-01 2.383394864303205463e-01
3.800000000000000266e+00 3.966064974380584807e-01 1.024943371199143471e-01
4.000000000000000000e+00 -3.793670010515598490e-02 1.313483158348262569e-01
4.200000000000000178e+00 -3.232795961782248817e-01 3.050781369451772695e-01
4.400000000000000355e+00 -7.819579437070859340e-01 2.894208360718987239e-01
4.600000000000000533e+00 -1.031596464004370217e+00 4.554345273272299432e-01
4.800000000000000711e+00 -1.368629276993150734e+00 4.960670749631868048e-01
