0.000000000000000000e+00 8.690924379100021246e-01
2.617993877991494078e-01 1.157833140064478794e+00
5.235987755982988157e-01 1.291457646594958319e+00
7.853981633974482790e-01 -1.909267074667485575e-01
1.047197551196597631e+00 7.702128132920693648e-01
1.308996938995746984e+00 2.761159025842107040e-01
1.570796326794896558e+00 1.181281375932159206e+00
1.832595714594045910e+00 1.179775878905085174e+00
2.094395102393195263e+00 1.764433417517257574e+00
2.356194490192344837e+00 3.195963797144799834e+00
2.617993877991493967e+00 5.430778634362501300e+00
2.879793265790643542e+00 8.860568748859712684e+00
3.141592653589793116e+00 1.254854995521480809e+01
3.403392041388942246e+00 1.678795518753683425e+01
3.665191429188091821e+00 2.079130033152070922e+01
3.926990816987240951e+00 2.247572046612716790e+01
4.188790204786390525e+00 2.026171769162505143e+01
4.450589592585539656e+00 1.684909062693909476e+01
4.712388980384689674e+00 1.247080476636970836e+01
4.974188368183838804e+00 8.465909608811085008e+00
5.235987755982987935e+00 5.219671525454508298e+00
5.497787143782137953e+00 3.241042858715154296e+00
5.759586531581287083e+00 2.035802229245060602e+00
6.021385919380436214e+00 1.254855931906701416e+00
6.283185307179586232e+00 1.009115676558116848e+00
