-5.000000000000000000e+00 2.115882711410850270e+00 -7.884452498214157556e-02
-4.599999999999999645e+00 8.658119724534392159e-01 -6.212190188781587796e-01
-4.199999999999999289e+00 -5.125858144812499573e-01 -1.140943547604649666e+00
-3.799999999999998934e+00 -7.935918975213362980e-01 -4.994797372031883897e-01
-3.399999999999998579e+00 -9.927654914229613325e-01 1.939556006258921772e-01
-2.999999999999998224e+00 -1.760142662809361269e+00 1.987005607889793801e-01
-2.599999999999997868e+00 -1.764305365711651419e+00 7.677802748601488814e-01
-2.199999999999997513e+00 -1.882668283588562197e+00 9.655792361105323129e-01
-1.799999999999997158e+00 -3.306333743041363071e+00 -4.311045332854729351e-01
-1.399999999999996803e+00 -1.998187618371391139e+00 6.121036639404698887e-01
-9.999999999999964473e-01 -2.010400006873980683e+00 6.993265673462926990e-02
-5.999999999999960920e-01 -1.425436626057633882e+00 -8.627701698734151214e-02
-1.999999999999957367e-01 -1.361212246132631698e+00 -8.991894469513280752e-01
2.000000000000046185e-01 8.581766405960824518e-01 3.961538414147585674e-01
6.000000000000049738e-01 1.149886992486069071e+00 -1.892726165842414932e-01
1.000000000000005329e+00 1.524238878988910084e+00 -5.560937846197141488e-01
1.400000000000005684e+00 3.037469896651604273e+00 4.271786143397341418e-01
1.800000000000006040e+00 2.958024091759632768e+00 8.279488200374016116e-02
2.200000000000006395e+00 2.872625953901695173e+00 2.437843420260445496e-02
2.600000000000006750e+00 2.180396505330437051e+00 -3.516891352413533123e-01
3.000000000000007105e+00 1.779381840863763831e+00 -1.794613827345618029e-01
3.400000000000007461e+00 8.651464081894717495e-01 -3.215746838593631640e-01
3.800000000000007816e+00 7.035012682171220000e-01 4.093891078989945753e-01
4.200000000000008171e+00 -6.645910986579066648e-01 -3.623336553448688879e-02
4.600000000000008527e+00 -8.853750246301489435e-01 6.016559667014668156e-01
