0.000000000000000000e+00 1.156771434542755106e+00
5.235987755982988157e-01 4.203776832103028327e-01
1.047197551196597631e+00 4.591510356316344521e-01
1.570796326794896558e+00 5.823593073745123583e-01
2.094395102393195263e+00 1.797997171947805839e+00
2.617993877991493967e+00 5.083910437706428809e+00
3.141592653589793116e+00 1.233310318515058945e+01
3.665191429188091821e+00 2.087258241125818259e+01
4.188790204786390525e+00 2.094703913277892937e+01
4.712388980384689674e+00 1.251325501766154602e+01
5.235987755982987935e+00 4.735707253232607883e+00
5.759586531581287083e+00 1.935024584534899228e+00
6.283185307179586232e+00 5.241036018292384302e-01
6.806784082777884493e+00 4.544088131249490736e-01
7.330382858376183641e+00 5.833505832573847583e-01
7.853981633974481902e+00 3.396174121284933900e-02
8.377580409572781051e+00 2.139933604373073006e+00
8.901179185171079311e+00 4.717757340335643867e+00
9.424777960769379348e+00 1.209404780191806239e+01
9.948376736367677609e+00 2.081196618936838760e+01
1.047197551196597587e+01 2.102988164604047938e+01
1.099557428756427591e+01 1.233841555987492100e+01
1.151917306316257417e+01 5.191290856949482446e+00
1.204277183876087243e+01 1.863794018210515491e+00
1.256637061435917246e+01 9.472656558366060464e-01
