-5.000000000000000000e+00 2.793274396428909512e+00 5.985471600359179023e-01
-4.736842105263157521e+00 1.885101315740933980e+00 1.349566193957383309e-01
-4.473684210526315930e+00 1.870415871981567779e+00 6.421363828081064762e-01
-4.210526315789473450e+00 9.045041874318786590e-01 2.523281150451577304e-01
-3.947368421052631859e+00 1.454247957385491619e-01 9.815084827607811757e-02
-3.684210526315789380e+00 -2.823456952169853817e-01 2.773699992101110734e-01
-3.421052631578947345e+00 -6.715898369792089317e-01 4.703996448216621884e-01
-3.157894736842105310e+00 -1.080736066915438665e+00 5.930993758255620474e-01
-2.894736842105263275e+00 -1.349087812372938178e+00 7.826805785088833955e-01
-2.631578947368421240e+00 -2.409220929046999693e+00 8.634605223830704723e-02
-2.368421052631579204e+00 -2.573452907795280797e+00 1.757137342261968493e-01
-2.105263157894737169e+00 -1.890335257404230918e+00 9.910336940902502167e-01
-1.842105263157894690e+00 -1.904393474071238268e+00 9.819426628492891052e-01
-1.578947368421052655e+00 -2.512555897308383468e+00 2.512929606483312872e-01
-1.315789473684210620e+00 -2.352007266181112222e+00 1.673086261229093097e-01
-1.052631578947368585e+00 -1.573793156023268303e+00 5.897421395655699783e-01
-7.894736842105265495e-01 -1.655329353009094673e+00 5.688822918554659047e-02
-5.263157894736840703e-01 -9.947593452339307252e-01 1.905326371301290234e-01
-2.631578947368424792e-01 2.092199922729826023e-01 8.152464020550613810e-01
0.000000000000000000e+00 3.964873033819277248e-01 3.964873033819277248e-01
